Using existing jaccard-library
<bound method Series.all of score
(0.0, 0.1]    2386807
(0.1, 0.2]        456
(0.2, 0.3]          5
(0.3, 0.4]          0
(0.4, 0.5]          0
(0.5, 0.6]          0
(0.6, 0.7]          0
(0.7, 0.8]          0
(0.8, 0.9]          0
(0.9, 1.0]         82
dtype: int64>
         id1   id2     score
368173    36  8876  0.971429
604181    60  6072  1.000000
721009    72  3710  1.000000
738854    74  1704  1.000000
852659    85  6400  1.000000
1042504  104  8069  0.964912
1230636  123  8386  1.000000
2071672  209  3827  1.000000
2618466  265  3977  0.964706
3911320  399  1520  1.000000
bands: 4, rows: 5
False postive chance at 0.75 : 0.6616202938448623
False negative chance at 0.8 : 0.20431682109074034
[(36, 8876), (60, 6072), (72, 3710), (74, 1704), (85, 6400), (104, 8069), (123, 8386), (209, 3827), (265, 3977), (399, 1520), (427, 4607), (514, 1388), (694, 5602), (702, 2888), (742, 7310), (776, 7154), (807, 1508), (859, 1537), (889, 9155), (894, 2301), (944, 8320), (1001, 6807), (1149, 7098), (1301, 9057), (1443, 4072), (1529, 2878), (1632, 7245), (1646, 8863), (1694, 5995), (1729, 2381), (1743, 5494), (1857, 4667), (1879, 2834), (2128, 3294), (2138, 9979), (2378, 5155), (2411, 8883), (2521, 3630), (2886, 9333), (3176, 7857), (3182, 5521), (3187, 4104), (3316, 7314), (3384, 9679), (3429, 7426), (3777, 7510), (3941, 5921), (4217, 6816), (4257, 8335), (4374, 9821), (4437, 5886), (4469, 7374), (4632, 5298), (4766, 5186), (4834, 5011), (5135, 7277), (5138, 8768), (5338, 9790), (5344, 8856), (5652, 8458), (5841, 7656), (5851, 7906), (5878, 7209), (5907, 9702), (6048, 6487), (6057, 6733), (6069, 7553), (6075, 8919), (6197, 7059), (6271, 8866), (6412, 9504), (6802, 6945), (6906, 9428), (7044, 8103), (7282, 9297), (7313, 8985), (7330, 9615), (7480, 9710), (7557, 7978), (7974, 9863), (8078, 8936), (8581, 8697)]
[((36, 8876), 0.95), ((60, 6072), 1.0), ((72, 3710), 1.0), ((74, 1704), 1.0), ((85, 6400), 1.0), ((104, 8069), 1.0), ((123, 8386), 1.0), ((209, 3827), 1.0), ((265, 3977), 0.9), ((399, 1520), 1.0), ((427, 4607), 1.0), ((514, 1388), 1.0), ((694, 5602), 1.0), ((702, 2888), 1.0), ((742, 7310), 1.0), ((776, 7154), 1.0), ((807, 1508), 1.0), ((859, 1537), 1.0), ((889, 9155), 1.0), ((894, 2301), 1.0), ((944, 8320), 1.0), ((1001, 6807), 1.0), ((1149, 7098), 1.0), ((1301, 9057), 1.0), ((1443, 4072), 1.0), ((1529, 2878), 1.0), ((1632, 7245), 0.95), ((1646, 8863), 1.0), ((1694, 5995), 1.0), ((1729, 2381), 0.95), ((1743, 5494), 1.0), ((1857, 4667), 1.0), ((1879, 2834), 1.0), ((2128, 3294), 1.0), ((2138, 9979), 1.0), ((2378, 5155), 1.0), ((2411, 8883), 1.0), ((2521, 3630), 1.0), ((2886, 9333), 1.0), ((3176, 7857), 1.0), ((3182, 5521), 1.0), ((3187, 4104), 1.0), ((3316, 7314), 1.0), ((3384, 9679), 0.95), ((3429, 7426), 1.0), ((3777, 7510), 1.0), ((3941, 5921), 1.0), ((4217, 6816), 1.0), ((4257, 8335), 1.0), ((4374, 9821), 1.0), ((4437, 5886), 1.0), ((4469, 7374), 1.0), ((4632, 5298), 1.0), ((4766, 5186), 1.0), ((4834, 5011), 1.0), ((5135, 7277), 1.0), ((5138, 8768), 1.0), ((5338, 9790), 1.0), ((5344, 8856), 1.0), ((5652, 8458), 1.0), ((5841, 7656), 1.0), ((5851, 7906), 1.0), ((5878, 7209), 0.95), ((5907, 9702), 1.0), ((6048, 6487), 0.95), ((6057, 6733), 1.0), ((6069, 7553), 1.0), ((6075, 8919), 1.0), ((6197, 7059), 1.0), ((6271, 8866), 1.0), ((6412, 9504), 1.0), ((6802, 6945), 1.0), ((6906, 9428), 1.0), ((7044, 8103), 1.0), ((7282, 9297), 1.0), ((7313, 8985), 0.95), ((7330, 9615), 1.0), ((7480, 9710), 0.95), ((7557, 7978), 0.95), ((7974, 9863), 1.0), ((8078, 8936), 1.0), ((8581, 8697), 1.0)]
